../all/1281.tsv