<http://id.loc.gov/authorities/subjects/sh85036145>	Debugging in computer science
<http://id.loc.gov/authorities/subjects/sh85029525>	Computer programs--Correctness
<http://id.loc.gov/authorities/subjects/sh85029526>	Computer programs--Testing
<http://id.loc.gov/authorities/subjects/sh2007000125>	Hidden Markov models
<http://id.loc.gov/authorities/subjects/sh97003403>	Computer software--Quality control
