../all/477.tsv