../all/1823.tsv